redcap_id	run_6	SampleID	SampleID_New	HOL	HOL_New	Passed_QC	final_reads
124	0	SRC.735698		76.4833333334536	76.48333333333333	TRUE	1218
124	0	SRC.735689		116.983333333454	116.9833333333333	TRUE	227497
124	0	SRC.735691		171.483333333337	171.4833333333333	TRUE	3388850
124	0	SRC.735696		180.733333333454	180.7333333333333	TRUE	1781916
124	0	SRC.735693		315.483333333337	315.4833333333333	TRUE	2780685
124	0	SRC.735697		480.483333333337	480.4833333333333	TRUE	2698053
124	0	SRC.735695		648.483333333337	648.4833333333333	TRUE	4548898
124	0	SRC.738189		816.483333333337	816.4833333333333	TRUE	2063889
124	0	SRC.738191		1008.48333333334	1008.483333333333	TRUE	751078
124	0	inf124Cat1T7n1		1171	1170.65	TRUE	8635071
124	0	inf124Cat1T8n1		1320	1320.483333333333	TRUE	7753334
124	0	inf124Cat1T9n1run5		1481	1480.983333333333	TRUE	5108496
125	0	SRC.735726		4.48333333345363	4.483333333333333	TRUE	9040
125	0	SRC.738270		36.4666666666162	36.46666666666667	TRUE	4836
125	0	SRC.735686		45.4833333333372	45.48333333333333	TRUE	225097
125	0	SRC.735729		75.4833333333372	75.48333333333333	TRUE	19093
125	0	SRC.735755		152.483333333221	152.4833333333333	TRUE	1484042
125	0	SRC.735731		173.983333333454	173.9833333333333	TRUE	2055781
125	0	SRC.735733		201.483333333337	201.4833333333333	TRUE	1145441
125	0	SRC.735735		311.983333333454	311.9833333333333	TRUE	99031
125	0	SRC.738197		528.483333333337	528.4833333333333	TRUE	4151602
125	0	SRC.735737		672.333333333372	672.3333333333334	TRUE	3436157
125	0	SRC.738201		828.6500000000231	828.65	TRUE	1222557
125	0	SRC.738202		1008.48333333334	1008.483333333333	TRUE	2901769
125	0	inf125Cat1T7n1		1158	1158.483333333333	TRUE	7834806
125	0	inf125Cat1T8n1		1321	1320.733333333333	TRUE	8201366
125	0	inf125Cat1T9n1run5		1482	1482.483333333333	TRUE	7262467
127	0	SRC.735748		30.3499999999185	30.35	TRUE	5893
127	0	SRC.735749		111.099999999977	111.1	TRUE	7781
127	0	SRC.738209		311.766666666605	311.7666666666667	TRUE	2371628
127	0	SRC.738213		465.099999999977	465.1	TRUE	1702170
127	0	SRC.738215		633.0999999999769	633.1	TRUE	2778761
127	0	SRC.738217		779.600000000093	779.6	TRUE	2212524
127	0	SRC.738218		948.0999999999769	948.1	TRUE	3526528
127	0	inf127Cat1T7n1		1095	1095.1	TRUE	7662957
127	0	inf127Cat1T8n1		1284	1283.6	TRUE	9387063
127	0	inf127Cat1T9n1run5		1455	1455.1	TRUE	5783923
127	0	inf127Cat1T10n1run5		1596	1596.1	TRUE	5279088
127	0	inf127Cat1T11n1run5		1774	1773.6	TRUE	6344880
128	0	SRC.738101		112.499999999825	112.5666666666667	TRUE	2929
128	0	SRC.738102		140.000000000058	140.0666666666667	TRUE	478863
128	0	SRC.738103		165.999999999942	166.0666666666667	TRUE	104877
128	0	SRC.738104		189.999999999942	190.0666666666667	TRUE	2653319
128	0	SRC.738222		296.000000000058	296.0666666666667	TRUE	1846120
128	0	SRC.738225		531.999999999942	532.0666666666667	TRUE	860704
128	0	SRC.738226		675.500000000058	675.5666666666667	TRUE	2307948
128	0	SRC.738229		797.499999999942	797.5666666666667	TRUE	2064346
128	0	SRC.738096		993.500000000058	993.5666666666667	TRUE	2921646
128	0	inf128Cat3T7n1		1165	1164.566666666667	TRUE	7992285
128	0	inf128Cat3T11n1run5		1831	1831.066666666667	TRUE	6853003
129	0	SRC.738231		95.53333333338379	95.53333333333333	TRUE	696
129	0	SRC.738233		113.533333333384	113.5333333333333	TRUE	5011
129	0	SRC.738234		134.533333333384	134.5333333333333	TRUE	15591
129	0	SRC.738292		171.033333333267	171.0333333333333	TRUE	1014250
129	0	SRC.738236		239.533333333384	239.5333333333333	TRUE	2651127
129	0	SRC.738237		410.0333333335	410.0333333333334	TRUE	955539
129	0	SRC.738239		566.533333333384	566.5333333333333	TRUE	2849528
129	0	SRC.738293		746.7833333335	746.7833333333333	TRUE	3721392
129	0	SRC.738294		935.533333333384	935.5333333333333	TRUE	2699915
129	0	inf129Cat1T7n1		1110	1109.533333333333	TRUE	8478173
129	0	inf129Cat1T8n1		1248	1248.283333333333	TRUE	8067382
129	0	inf129Cat1T9n1run5		1417	1416.533333333333	TRUE	5029372
130	0	SRC.738240		29.0666666665929	29.06666666666667	TRUE	19485
130	0	SRC.738242		62.0666666665929	62.06666666666667	TRUE	52434
130	0	SRC.738244		95.06666666659289	95.06666666666666	TRUE	23348
130	0	SRC.738246		119.066666666593	119.0666666666667	TRUE	2115994
130	0	SRC.738251		131.066666666593	131.0666666666667	TRUE	2169192
130	0	SRC.738250		164.066666666593	164.0666666666667	TRUE	3468065
130	0	SRC.738089		269.066666666593	269.0666666666667	TRUE	863180
130	0	SRC.738108		488.083333333314	488.0833333333333	TRUE	4032186
130	0	SRC.738109		661.899999999907	661.9	TRUE	2300924
130	0	SRC.738090		809.0666666665931	809.0666666666667	TRUE	4025525
131	0	SRC.738252		23.0500000000466	23.05	TRUE	6561
131	0	SRC.738256		125.050000000047	125.05	TRUE	2374078
131	0	SRC.738299		173.050000000047	173.05	TRUE	4170076
131	0	SRC.738301		308.050000000047	308.05	TRUE	2328992
131	0	SRC.738303		500.050000000047	500.05	TRUE	2694716
131	0	SRC.738304		668.050000000047	668.05	TRUE	8244225
131	0	SRC.738305		841.550000000163	841.55	TRUE	977875
132	0	SRC.738113		147	147	TRUE	1487664
132	0	SRC.738309		218.749999999884	218.75	TRUE	2776171
132	0	SRC.738311		385.5	385.5	TRUE	680562
132	0	SRC.738314		565.000000000116	565	TRUE	1909682
132	0	SRC.738316		717	717	TRUE	1060314
132	0	SRC.738317		885	885	TRUE	2126747
132	0	SRC.738313		1053	1053	TRUE	2479187
132	0	inf132Cat3T8n1		1227	1227	TRUE	8155186
132	0	inf132Cat3T9n1run5		1431	1431.166666666667	TRUE	5800420
132	0	inf132Cat3T10n1run5		1564	1564	TRUE	5363142
132	0	inf132Cat3T11n1run5		1813	1813	TRUE	5152575
133	0	SRC.738171		140.116666666581	140.1166666666667	TRUE	3060463
133	0	SRC.738319		162.116666666698	162.1166666666667	TRUE	2724652
133	0	SRC.738320		313.116666666814	313.1166666666667	TRUE	1482678
133	0	SRC.738322		460.866666666814	460.8666666666667	TRUE	3154467
133	0	SRC.738324		600.283333333384	600.2833333333333	TRUE	2920323
133	0	SRC.738326		762.1166666666981	762.1166666666667	TRUE	1034841
133	0	SRC.738328		984.1166666666981	984.1166666666667	TRUE	3175567
133	0	inf133Cat3T7n1		1125	1125.116666666667	TRUE	9186820
133	0	inf133Cat3T8n1		1275	1275.116666666667	TRUE	8932743
133	0	inf133Cat3T9n1run5		1449	1449.116666666667	TRUE	6425673
133	0	inf133Cat3T10n1run5		1668	1668.133333333333	TRUE	5356848
134	0	SRC.738344		41.5333333333838	41.53333333333333	TRUE	8152
134	0	SRC.738329		125.533333333384	125.5333333333333	TRUE	390284
134	0	SRC.738330		137.533333333384	137.5333333333333	TRUE	1420995
134	0	SRC.738331		313.283333333151	313.2833333333334	TRUE	569631
134	0	SRC.738121		482.116666666581	482.1166666666667	TRUE	4391454
134	0	SRC.738332		653.0333333331509	653.0333333333333	TRUE	2650768
134	0	SRC.738333		814.033333333384	814.0333333333333	TRUE	2038378
134	0	SRC.738334		985.533333333267	985.5333333333333	TRUE	2269265
134	0	inf134Cat1T8n1run5		1202	1201.533333333333	TRUE	7919234
134	0	inf134Cat1T8n1		1346	1345.533333333333	TRUE	9261502
134	0	inf134Cat1T10n1run5		1518	1517.533333333333	TRUE	6896149
134	0	inf134Cat1T10n2run5		1646	1645.55	TRUE	5985104
135	0	SRC.738335		124.966666666616	124.9666666666667	TRUE	2946786
135	0	SRC.738338		161.133333333302	161.1333333333333	TRUE	503883
135	0	SRC.738340		322.966666666616	322.9666666666666	TRUE	1162905
135	0	SRC.738341		493.966666666616	493.9666666666666	TRUE	3117935
135	0	SRC.738342		715.966666666616	715.9666666666667	TRUE	2029207
135	0	SRC.738126		883.966666666616	883.9666666666667	TRUE	2153462
135	0	SRC.738127		998.966666666733	998.9666666666667	TRUE	1925287
136	0	SRC.738128		35.7500000000582	35.75	TRUE	4226
136	0	SRC.738130		47.7500000000582	47.75	TRUE	5570
136	0	SRC.738132		82.74999999994181	82.75	TRUE	9748
136	0	SRC.738134		107.750000000058	107.75	TRUE	847701
136	0	SRC.738135		140.750000000058	140.75	TRUE	1568679
136	0	SRC.738137		179.750000000058	179.75	TRUE	82393
136	0	SRC.738139		293.750000000058	293.75	TRUE	824256
136	0	SRC.738140		437.750000000058	437.75	TRUE	2769297
136	0	SRC.738141		602.750000000058	602.75	TRUE	2544393
136	0	SRC.738142		767.250000000175	767.25	TRUE	3003773
136	0	SRC.738143		938.750000000058	938.75	TRUE	2465185
136	0	inf136Cat1T7n1		1131	1130.75	TRUE	9560427
136	0	inf136Cat1T8n1		1281	1280.75	TRUE	8294139
136	0	inf136Cat1T9n1run5		1473	1472.666666666667	TRUE	5649921
136	0	inf136Cat1T10n1run5		1679	1678.916666666667	TRUE	5005736
136	0	inf136Cat1T12n1run5		1956	1955.75	TRUE	4795556
137	0	SRC.738146		114.033333333267	114.0333333333333	TRUE	2535260
137	0	SRC.738147		292.699999999953	292.7	TRUE	2310423
137	0	SRC.738148		462.033333333267	462.0333333333334	TRUE	2035709
137	0	SRC.738149		625.033333333384	625.0333333333333	TRUE	1802647
137	0	SRC.738150		786.033333333267	786.0333333333333	TRUE	2775616
137	0	SRC.738271		966.033333333267	966.0333333333333	TRUE	2099139
138	0	SRC.738151		51.5333333331509	51.53333333333333	TRUE	7019
138	0	SRC.738152		135.533333333151	135.5333333333333	TRUE	1761480
138	0	SRC.738153		403.533333333267	403.5333333333334	TRUE	1964750
138	0	SRC.738154		577.533333333267	577.5333333333333	TRUE	2457889
138	0	SRC.738155		733.533333333267	733.5333333333333	TRUE	2350131
138	0	SRC.738156		912.783333333267	912.7833333333333	TRUE	2333059
138	0	SRC.738272		1076.53333333338	1076.533333333333	TRUE	2360628
139	0	SRC.738157		92.96666666673261	92.96666666666667	TRUE	2393756
139	0	SRC.738160		110.966666666733	110.9666666666667	TRUE	3194972
139	0	SRC.738161		137.966666666733	137.9666666666667	TRUE	3157554
139	0	SRC.738162		158.966666666733	158.9666666666667	TRUE	2520059
139	0	SRC.738163		333.300000000105	333.3	TRUE	2326629
139	0	SRC.738164		500.966666666733	500.9666666666666	TRUE	3279915
139	0	SRC.738273		671.966666666733	671.9666666666667	TRUE	2228353
139	0	SRC.738274		839.966666666733	839.9666666666667	TRUE	2521576
139	0	SRC.738275		1040.96666666673	1040.966666666667	TRUE	2655075
139	0	inf139Cat3T7n1run5		1168	1167.966666666667	TRUE	5813511
139	0	inf139Cat3T8n1		1347	1346.966666666667	TRUE	8917729
139	0	inf139Cat3T9n1run5		1504	1504.466666666667	TRUE	4957125
140	0	SRC.738165		102.649999999849	102.65	TRUE	2565947
140	0	SRC.738166		132.416666666628	132.4166666666667	TRUE	3667220
140	0	SRC.738167		150.400000000081	150.4	TRUE	4792131
140	0	SRC.738169		254.483333333221	254.4833333333333	TRUE	1976965
140	0	SRC.738170		408.149999999965	408.15	TRUE	1822340
140	0	SRC.738278		561.149999999965	561.15	TRUE	1878823
140	0	SRC.738279		734.149999999849	734.15	TRUE	3114377
140	0	SRC.738280		966.149999999965	966.15	TRUE	2451030
140	0	SRC.738281		1071.14999999997	1071.15	TRUE	2196900
140	0	inf140Cat3T8n1		1224	1224.15	TRUE	8257371
140	0	inf140Cat3T9n1run5		1395	1395.15	TRUE	6858481
140	0	inf140Cat3T10n1run5		1563	1562.65	TRUE	5155651
140	0	inf140Cat3T11n1run5		1731	1731.15	TRUE	4732837
140	0	inf140Cat3T12n1run5		1899	1899.15	TRUE	4439494
141	0	SRC.738283		68.9000000000233	68.90000000000001	TRUE	7464
141	0	SRC.738284		89.9000000000233	89.90000000000001	TRUE	33320
141	0	SRC.738285		180.399999999907	180.4	TRUE	2697041
141	0	SRC.738287		329.900000000023	329.9	TRUE	2049453
141	0	SRC.738370		545.9000000000231	545.9	TRUE	2763787
141	0	SRC.738371		699.15000000014	699.15	TRUE	2701214
141	0	SRC.738372		830.40000000014	830.4	TRUE	2589246
141	0	SRC.738498		1007.90000000002	1007.9	TRUE	2218784
141	0	inf141Cat2T7n1		1155	1154.9	TRUE	8043185
141	0	inf141Cat2T9n1run5		1357	1356.9	TRUE	5020512
141	0	inf141Cat2T9n2run5		1511	1510.9	TRUE	4709720
141	0	inf141Cat2T10n1run5		1675	1674.9	TRUE	6036499
141	0	inf141Cat2T11n1run5		1837	1837.4	TRUE	6100631
142	0	SRC.738373		65.98333333327901	65.98333333333333	TRUE	995481
142	0	SRC.738374		140.983333333279	140.9833333333333	TRUE	449468
142	0	SRC.738375		230.483333333395	230.4833333333333	TRUE	2632606
142	0	SRC.738376		377.983333333279	377.9833333333333	TRUE	2427616
142	0	SRC.738506		572.983333333279	572.9833333333333	TRUE	2639162
142	0	SRC.738377		719.983333333279	719.9833333333333	TRUE	2467924
142	0	SRC.738378		878.483333333395	878.4833333333333	TRUE	2407492
142	0	SRC.738507		1047.48333333316	1047.483333333333	TRUE	2790867
142	0	inf142Cat3T8n1		1230	1229.95	TRUE	8845829
142	0	inf142Cat3T9n1run5		1377	1376.983333333333	TRUE	6177594
142	0	inf142Cat3T10n1run5		1578	1577.983333333333	TRUE	6986756
142	0	inf142Cat3T11n1run5		1743	1743.483333333333	TRUE	4910498
143	0	SRC.738379		76.46666666673261	76.46666666666667	TRUE	1591548
143	0	SRC.738380		157.633333333419	157.6333333333333	TRUE	1833816
143	0	SRC.738381		328.466666666733	328.4666666666666	TRUE	2720215
143	0	SRC.738513		493.466666666733	493.4666666666666	TRUE	2047489
143	0	SRC.738514		661.466666666733	661.4666666666667	TRUE	2730934
143	0	SRC.738515		844.466666666733	844.4666666666667	TRUE	1986941
144	0	SRC.738383		113.133333333302	113.1333333333333	TRUE	247605
144	0	SRC.738384		116.883333333302	116.8833333333333	TRUE	660793
144	0	SRC.738385		206.133333333302	206.1333333333333	TRUE	3043029
144	0	SRC.738388		350.54999999993	350.55	TRUE	3403
144	0	SRC.738389		503.133333333302	503.1333333333333	TRUE	798703
144	0	SRC.738516		731.1333333333019	731.1333333333333	TRUE	2683517
144	0	SRC.738517		839.633333333186	839.6333333333333	TRUE	2976401
144	0	SRC.738518		1007.1333333333	1007.133333333333	TRUE	2001046
144	0	inf144Cat3T7n1		1178	1178.133333333333	TRUE	10070222
144	0	inf144Cat3T8n1		1355	1354.8	TRUE	9217341
144	0	inf144Cat3T10n1run5		1523	1522.8	TRUE	4543069
144	0	inf144Cat3T11n1run5		1685	1685.133333333333	TRUE	5913659
144	0	inf144Cat3T11n2run5		1847	1847.133333333333	TRUE	6368132
145	0	SRC.738390		138.100000000151	138.1	TRUE	1952027
145	0	SRC.738391		224.850000000035	224.85	TRUE	2504549
145	0	SRC.738524		403.350000000035	403.35	TRUE	2825083
145	0	SRC.738525		559.849999999919	559.85	TRUE	2894753
145	0	SRC.738526		779.850000000035	779.85	TRUE	2242791
145	0	SRC.738527		941.599999999919	941.6	TRUE	2858084
145	0	SRC.738528		1061.85000000003	1061.85	TRUE	2745993
145	0	inf145Cat1T8n1		1314	1313.85	TRUE	8357120
145	0	inf145Cat1T9n1run5		1485	1484.85	TRUE	3886919
146	0	SRC.738392		92.0833333333139	92.08333333333333	TRUE	2349658
146	0	SRC.738393		134.083333333314	134.0833333333333	TRUE	2594229
146	0	SRC.738394		176.083333333314	176.0833333333333	TRUE	2310344
146	0	SRC.738395		237.583333333314	237.5833333333333	TRUE	3075920
146	0	SRC.738530		401.083333333314	401.0833333333333	TRUE	1935907
146	0	SRC.738531		584.083333333314	584.0833333333334	TRUE	2969825
146	0	SRC.738532		755.083333333314	755.0833333333334	TRUE	2497978
146	0	SRC.738533		947.083333333314	947.0833333333334	TRUE	2068135
146	0	SRC.738534		1077.08333333343	1077.083333333333	TRUE	2079867
146	0	inf146Cat1T8n1		1261	1261.083333333333	TRUE	9687529
147	0	SRC.738396		76.4833333334536	76.48333333333333	TRUE	16793
147	0	SRC.738397		107.233333333454	107.2333333333333	TRUE	3618436
147	0	SRC.738398		121.983333333337	121.9833333333333	TRUE	2774061
147	0	SRC.738399		152.483333333221	152.4833333333333	TRUE	2702261
147	0	SRC.738401		226.983333333337	226.9833333333333	TRUE	2306372
147	0	SRC.738538		385.983333333337	385.9833333333333	TRUE	1405047
147	0	SRC.738539		550.983333333337	550.9833333333333	TRUE	1728701
147	0	SRC.738540		727.983333333337	727.9833333333333	TRUE	1629269
147	0	SRC.738541		904.983333333337	904.9833333333333	TRUE	2445859
147	0	SRC.738542		1064.98333333345	1064.983333333333	TRUE	2442844
147	0	inf147Cat1T8n1		1228	1228.483333333333	TRUE	8429240
148	0	SRC.738544		28.6666666665114	28.66666666666667	TRUE	114397
148	0	SRC.738547		130.166666666628	130.1666666666667	TRUE	2991936
148	0	SRC.738548		157.166666666628	157.1666666666667	TRUE	3247682
148	0	SRC.738549		331.166666666628	331.1666666666667	TRUE	1878040
148	0	SRC.738550		496.916666666628	496.9166666666667	TRUE	2211507
148	0	SRC.738551		630.666666666744	630.6666666666666	TRUE	2048767
148	0	SRC.807401		813.66666666657	813.6666666666666	TRUE	2035664
148	0	SRC.807400		980.749999999884	980.75	TRUE	2705236
148	0	inf148Cat3T7n1		1165	1165	TRUE	9106124
148	0	inf148Cat3T8n1		1330	1330.166666666667	TRUE	9208794
149	0	SRC.738553		39.7666666665464	39.76666666666667	TRUE	577887
149	0	SRC.738554		129.266666666663	129.2666666666667	TRUE	4179885
149	0	SRC.738555		152.766666666779	152.7666666666667	TRUE	1882987
149	0	SRC.738556		264.766666666546	264.7666666666667	TRUE	2347890
149	0	SRC.738557		443.766666666779	443.7666666666667	TRUE	2296642
149	0	SRC.738558		615.233333333221	615.2333333333333	TRUE	2055323
149	0	SRC.738402		780.766666666721	780.7666666666667	TRUE	3169388
150	0	SRC.738559		14.4666666666744	14.46666666666667	TRUE	79698
150	0	SRC.738560		98.44999999995341	98.45	TRUE	79123
150	0	SRC.738561		110.466666666674	110.4666666666667	TRUE	429541
150	0	SRC.738563		140.466666666674	140.4666666666667	TRUE	2142605
150	0	SRC.738564		158.466666666674	158.4666666666667	TRUE	2625809
150	0	SRC.738565		275.216666666733	275.2166666666666	TRUE	2063371
150	0	SRC.738566		440.466666666674	440.4666666666666	TRUE	2084828
150	0	SRC.807380		602.483333333395	602.4833333333333	TRUE	1892473
150	0	SRC.807379		773.466666666674	773.4666666666667	TRUE	2868337
150	0	SRC.807378		956.216666666733	956.2166666666667	TRUE	2052281
150	0	inf150Cat3T7n1		1109	1109.366666666667	TRUE	4547936
150	0	inf150Cat3T8n1		1283	1283.133333333333	TRUE	8536853
150	0	inf150Cat3T9n1run5		1442	1442.466666666667	TRUE	4332050
150	0	inf150Cat3T10n1run5		1625	1625.466666666667	TRUE	3996504
150	0	inf150Cat3T11n1run5		1790	1789.966666666667	TRUE	3785306
150	0	inf150Cat3T12n1run5		1952	1952.216666666667	TRUE	5011693
151	0	SRC.738567		63.3999999999069	63.4	TRUE	21473
151	0	SRC.738568		75.8999999999651	75.90000000000001	TRUE	942535
151	0	SRC.738569		102.899999999965	102.9	TRUE	985647
151	0	SRC.738570		120.899999999965	120.9	TRUE	2776153
151	0	SRC.738571		177.899999999965	177.9	TRUE	2012222
151	0	SRC.738572		363.899999999965	363.9	TRUE	2477140
151	0	SRC.807403		507.899999999965	507.9	TRUE	2305375
151	0	SRC.807402		679.649999999965	679.65	TRUE	2475951
151	0	SRC.807395		843.899999999965	843.9	TRUE	2358577
152	0	SRC.807389		277.86666666664	277.8666666666667	TRUE	2496289
152	0	SRC.807388		361.366666666581	361.3666666666667	TRUE	2607145
153	0	SRC.807409		182.63333333336	182.6333333333333	TRUE	3068121
153	0	SRC.807408		188.550000000105	188.55	TRUE	2956273
153	0	SRC.807407		257.800000000047	257.8	TRUE	2859220
153	0	SRC.738450		464.800000000047	464.8	TRUE	2090222
153	0	SRC.738444		629.800000000047	629.8	TRUE	2581005
153	0	SRC.738440		767.800000000047	767.8	TRUE	1978951
153	0	SRC.807406		932.800000000047	932.8	TRUE	2128705
153	0	inf153Cat3T7n1		1158	1157.8	TRUE	9026188
153	0	inf153Cat3T8n1		1302	1301.8	TRUE	7307812
153	0	inf153Cat3T9n1run5		1449	1448.8	TRUE	5874046
153	0	inf153Cat3T10n1run5		1638	1637.8	TRUE	5274905
154	0	SRC.807399		275.800000000047	275.8	TRUE	2649513
154	0	SRC.807398		296.800000000047	296.8	TRUE	3350443
154	0	SRC.807397		344.800000000047	344.8	TRUE	3524138
154	0	SRC.807396		444.799999999988	444.8	TRUE	3246681
154	0	SRC.738449		591.799999999988	591.8	TRUE	2520916
154	0	SRC.738434		791.800000000047	791.8	TRUE	2203424
154	0	SRC.807394		935.800000000047	935.8	TRUE	2571993
154	0	inf154Cat2T7n1		1170	1169.633333333333	TRUE	9243500
154	0	inf154Cat2T8n1		1266	1265.8	TRUE	8920579
154	0	inf154Cat2T9n1run5		1452	1451.8	TRUE	5340407
154	0	inf154Cat2T10n1run5		1619	1618.8	TRUE	5674366
154	0	inf154Cat2T11n1run5		1779	1778.8	TRUE	4760878
156	0	SRC.738446		303.683333333465	303.6833333333333	TRUE	2855062
156	0	SRC.738441		348.183333333407	348.1833333333333	TRUE	2902702
156	0	SRC.738438		432.200000000128	432.2	TRUE	3039555
156	0	SRC.807414		707.683333333349	707.6833333333333	TRUE	2292115
156	0	SRC.738430		783.1833333334069	783.1833333333333	TRUE	2292877
156	0	SRC.738403		840.1833333334069	840.1833333333333	TRUE	2189096
156	0	SRC.738426		972.1833333334069	972.1833333333333	TRUE	2101249
156	0	inf156Cat2T7n1		1140	1139.683333333333	TRUE	9102388
156	0	inf156Cat2T8n1		1293	1293.183333333333	TRUE	8230680
156	0	inf156Cat2T9n1run5		1479	1479.183333333333	TRUE	5234632
156	0	inf156Cat2T10n1run5		1617	1616.683333333333	TRUE	5793015
156	0	inf156Cat2T11n1run5		1788	1788.183333333333	TRUE	6275361
157	0	SRC.738443		81.94999999995341	81.95	TRUE	2694260
157	0	SRC.738442		105.949999999953	105.95	TRUE	2570221
157	0	SRC.738435		210.949999999953	210.95	TRUE	2924727
157	0	SRC.738433		228.949999999953	228.95	TRUE	2749728
157	0	SRC.807411		366.949999999953	366.95	TRUE	2870063
157	0	SRC.738429		588.949999999953	588.95	TRUE	1970560
157	0	SRC.738405		702.949999999953	702.95	TRUE	2252154
157	0	SRC.807410		878.950000000012	878.95	TRUE	2245766
158	0	SRC.738411		17.1000000000349	17.1	TRUE	14297
158	0	SRC.738410		27.016666666721	27.01666666666667	TRUE	31960
158	0	SRC.738409		127.766666666663	127.7666666666667	TRUE	1484005
158	0	SRC.738408		143.266666666721	143.2666666666667	TRUE	2001889
158	0	SRC.738412		166.766666666663	166.7666666666667	TRUE	2134169
158	0	SRC.807386		286.599999999977	286.6	TRUE	2009772
158	0	SRC.738413		298.766666666663	298.7666666666667	TRUE	2142714
158	0	SRC.807385		493.099999999919	493.1	TRUE	2167019
158	0	SRC.807384		633.766666666721	633.7666666666667	TRUE	1565872
158	0	SRC.738422		799.766666666663	799.7666666666667	TRUE	2318888
158	0	SRC.738416		979.766666666663	979.7666666666667	TRUE	2325478
158	0	inf158Cat3T7n1		1136	1135.766666666667	TRUE	9237200
158	0	inf158Cat3T8n1		1331	1330.766666666667	TRUE	8640714
158	0	inf158Cat3T9n1run5		1480	1479.933333333333	TRUE	5234935
158	0	inf158Cat3T10n1run5		1633	1633.266666666667	TRUE	5421314
159	0	SRC.807383		174.183333333407	174.1833333333333	TRUE	1352056
159	0	SRC.807382		189.183333333407	189.1833333333333	TRUE	2767696
159	0	SRC.807423		239.683333333349	239.6833333333333	TRUE	2671817
159	0	SRC.807381		293.433333333407	293.4333333333333	TRUE	2039720
159	0	SRC.738423		450.183333333407	450.1833333333333	TRUE	1622187
159	0	SRC.738418		623.683333333349	623.6833333333333	TRUE	2176068
159	0	SRC.807427		804.1833333334069	804.1833333333333	TRUE	1920229
159	0	SRC.807375		972.1833333334069	972.1833333333333	TRUE	2113319
159	0	inf159Cat3T7n1		1122	1122.183333333333	TRUE	9050865
160	0	inf160Cat3T1n1		159.433333333349	159.4333333333333	TRUE	10520729
160	0	inf160Cat3T2n2		195.433333333349	195.4333333333333	TRUE	10576517
160	0	inf160Cat3T2n1run5		279	279.4666666666666	TRUE	4760858
160	0	inf160Cat3T3n1		445.766666666663	445.7666666666667	TRUE	7861767
160	0	inf160Cat3T4n1		607.100000000093	607.1	TRUE	10673689
160	0	inf160Cat3T5n1		780.433333333349	780.4333333333333	TRUE	8625726
160	0	inf160Cat3T6n1		942.600000000035	942.6	TRUE	10056492
160	0	inf160Cat3T7n1		1115.43333333341	1115.433333333333	TRUE	9758623
160	0	inf160Cat3T8n1		1308	1307.883333333333	TRUE	6704090
160	0	inf160Cat3T9n1run5		1438	1437.933333333333	TRUE	5354254
160	0	inf160Cat3T10n1run5		1623	1623.183333333333	TRUE	5018929
160	0	inf160Cat3T12n1run5		2012	2012.433333333333	TRUE	4866649
161	0	inf161Cat3T0n1		30.2666666666628	30.26666666666667	TRUE	10049276
161	0	inf161Cat3T1n1		120.766666666721	120.7666666666667	TRUE	1728272
161	0	inf161Cat3T2n1		201.766666666721	201.7666666666667	TRUE	9988956
161	0	inf161Cat3T2n2		213.183333333407	213.1833333333333	TRUE	11386555
161	0	inf161Cat3T2n3		249.766666666721	249.7666666666667	TRUE	9705384
161	0	inf161Cat3T3n1		336.933333333407	336.9333333333333	TRUE	9606204
161	0	inf161Cat3T3n2		501.766666666721	501.7666666666667	TRUE	9171952
161	0	inf161Cat3T5n1		696.266666666663	696.2666666666667	TRUE	10027167
161	0	inf161Cat3T5n2		828.766666666721	828.7666666666667	TRUE	10109882
161	0	inf161Cat3T7n1		1201.01666666666	1201.016666666667	TRUE	10910803
162	0	inf162Cat3T1n1		105.766666666721	105.7666666666667	TRUE	63833
162	0	inf162Cat3T2n1		264.766666666721	264.7666666666667	TRUE	9604357
162	0	inf162Cat3T3n1		436.266666666779	436.2666666666667	TRUE	7561033
162	0	inf162Cat3T4n1		597.766666666721	597.7666666666667	TRUE	9472304
162	0	inf162Cat3T5n1		801.766666666721	801.7666666666667	TRUE	8393165
162	0	inf162Cat3T6n1		932.766666666779	932.7666666666667	TRUE	10090366
163	0	inf163Cat3T1n1		111.099999999977	111.1	TRUE	990951
163	0	inf163Cat3T2n1		213.099999999977	213.1	TRUE	9519064
163	0	inf163Cat3T2n1run5		270	270.1	TRUE	6279092
163	0	inf163Cat3T3n1		399.099999999977	399.1	TRUE	9015386
163	0	inf163Cat3T4n1		573.349999999919	573.35	TRUE	9593063
163	0	inf163Cat3T5n1		741.0999999999769	741.1	TRUE	8311522
163	0	inf163Cat3T6n1		921.083333333256	921.0833333333334	TRUE	9738462
163	0	inf163Cat3T7n1		1098.09999999998	1098.1	TRUE	8730029
163	0	inf163Cat3T8n1		1273	1273.35	TRUE	8570172
163	0	inf163Cat3T9n1run5		1413	1413.1	TRUE	6619054
163	0	inf163Cat3T10n1run5		1641	1641.1	TRUE	4612499
163	0	inf163Cat3T12n1run5		1915	1914.6	TRUE	4798272
164	0	inf164Cat3T3n1		477.633333333477	477.6333333333333	TRUE	11900821
164	0	inf164Cat3T4n1		643.633333333419	643.6333333333333	TRUE	8494346
164	0	inf164Cat3T5n1		808.88333333336	808.8833333333333	TRUE	9647367
164	0	inf164Cat3T6n1		1015.63333333342	1015.633333333333	TRUE	9360669
164	0	inf164Cat3T7n1		1141.8000000001	1141.8	TRUE	9629372
164	0	inf164Cat3T8n1		1318	1317.633333333333	TRUE	7828931
164	0	inf164Cat3T10n1run5		1513	1513.133333333333	TRUE	4799549
164	0	inf164Cat3T10n2run5		1676	1675.633333333333	TRUE	1095
164	0	inf164Cat3T11n1run5		1814	1813.65	TRUE	6293457
165	0	inf165Cat3T1n1		103.04999999993	103.05	TRUE	8998263
165	0	inf165Cat3T2n1		232.04999999993	232.05	TRUE	11214626
165	0	inf165Cat3T2n1run5		280	280.05	TRUE	5593760
165	0	inf165Cat3T3n1		394.04999999993	394.05	TRUE	10381077
165	0	inf165Cat3T4n1		562.04999999993	562.05	TRUE	10370887
165	0	inf165Cat3T5n1		747.049999999988	747.05	TRUE	10193514
165	0	inf165Cat3T6n1		991.04999999993	991.05	TRUE	8700134
165	0	inf165Cat3T6n2		1066.04999999993	1066.05	TRUE	5599053
165	0	inf165Cat3T8n1		1234	1233.55	TRUE	7538158
165	0	inf165Cat3T9n1run5		1419	1419.05	TRUE	4905914
165	0	inf165Cat3T10n1run5		1642	1642.05	TRUE	5784101
165	0	inf165Cat3T11n1run5		1738	1738.05	TRUE	5448196
165	0	inf165Cat3T12n1run5		1902	1901.8	TRUE	5468599
165	0	inf165Cat3T14n1run5		2275	2275.05	TRUE	5587901
165	0	inf165Cat3T16n1run5		2599	2599.05	TRUE	6067768
166	0	inf166Cat3T0n1		55.0333333333838	55.03333333333333	TRUE	67303
166	0	inf166Cat3T2n1		198.033333333442	198.0333333333333	TRUE	360380
166	0	inf166Cat3T3n1		371.033333333326	371.0333333333334	TRUE	9850054
166	0	inf166Cat3T3n2		502.033333333384	502.0333333333334	TRUE	8273718
166	0	inf166Cat3T5n1		682.533333333442	682.5333333333333	TRUE	3757313
167	0	inf167Cat3T0n1		76	76.31666666666666	TRUE	26308
167	0	inf167Cat3T1n1		117	116.8166666666667	TRUE	82794
167	0	inf167Cat3T2n1		201	200.5666666666667	TRUE	5012239
167	0	inf167Cat3T3n1		404	404.3333333333333	TRUE	9118417
167	0	inf167Cat3T4n1		608	608.3166666666667	TRUE	9001171
167	0	inf167Cat3T5n1		744	743.8166666666667	TRUE	8249548
167	0	inf167Cat3T6n1		940	939.8166666666667	TRUE	9150703
168	0	inf168Cat3T0n1		83	83.28333333333333	TRUE	14445
168	0	inf168Cat3T1n1		185	185.0333333333333	TRUE	8717317
168	0	inf168Cat3T2n1		227	227.2833333333333	TRUE	9716879
168	0	inf168Cat3T3n1		422	422.2833333333334	TRUE	8772979
168	0	inf168Cat3T4n1		617	617.2833333333333	TRUE	9202034
168	0	inf168Cat3T5n1		740	740.45	TRUE	8639041
168	0	inf168Cat3T6n1		917	917.0333333333333	TRUE	8237377
169	0	inf169Cat3T1n1		190	190.2166666666667	TRUE	8038639
169	0	inf169Cat3T3n1		463	463.2333333333333	TRUE	3027651
169	0	inf169Cat3T4n1		651	651.15	TRUE	6238699
169	0	inf169Cat3T5n1		827	826.7333333333333	TRUE	7301940
170	0	inf170Cat3T1n1		117	117.2166666666667	TRUE	9154174
170	0	inf170Cat3T2n1		204	204.1333333333333	TRUE	7842919
170	0	inf170Cat3T2n1run5		246	246.2166666666667	TRUE	5941017
170	0	inf170Cat3T3n1run5		340	340.2166666666666	TRUE	4541242
170	0	inf170Cat3T4n1		525	525.2166666666667	TRUE	8611901
170	0	inf170Cat3T5n1		768	768.2166666666667	TRUE	7862454
170	0	inf170Cat3T6n1run5		843	843.2166666666667	TRUE	7025569
170	0	inf170Cat3T6n1		1011	1011.216666666667	TRUE	8612781
170	0	inf170Cat3T8n1		1224	1224.216666666667	TRUE	6838509
170	0	inf170Cat3T8n1run5		1344	1344.216666666667	TRUE	6263616
170	0	inf170Cat3T9n1run5		1506	1506.216666666667	TRUE	6303152
170	0	inf170Cat3T10n1run5		1668	1668.216666666667	TRUE	6280282
171	0	inf171Cat1T1n1		129	129.15	TRUE	8517514
171	0	inf171Cat1T2n1		189	189.15	TRUE	7813092
171	0	inf171Cat1T2n1run5		312	312.15	TRUE	7197738
171	0	inf171Cat1T3n1		486	486.15	TRUE	7822862
171	0	inf171Cat1T4n1		627	627.15	TRUE	9766517
171	0	inf171Cat1T5n1		789	788.65	TRUE	9203218
171	0	inf171Cat1T6n1		957	956.9	TRUE	8531640
171	0	inf171Cat1T8n1		1197	1197.15	TRUE	8432862
171	0	inf171Cat1T9n1run5		1485	1484.65	TRUE	5372418
172	0	inf172Cat3T1n1		159	158.7333333333333	TRUE	9365506
172	0	inf172Cat3T2n1run5		267	266.7333333333333	TRUE	6589529
172	0	inf172Cat3T2n1		287	287.2333333333333	TRUE	8723596
172	0	inf172Cat3T3n1		432	431.7333333333333	TRUE	7756294
172	0	inf172Cat3T4n1		630	629.7333333333333	TRUE	8152421
172	0	inf172Cat3T5n1		762	761.75	TRUE	9119409
172	0	inf172Cat3T6n1		948	947.7333333333333	TRUE	8450808
172	0	inf172Cat3T7n1		1098	1097.816666666667	TRUE	8770090
172	0	inf172Cat3T8n1		1302	1301.733333333333	TRUE	6797530
172	0	inf172Cat3T9n1run5		1500	1499.733333333333	TRUE	6209146
172	0	inf172Cat3T10n1run5		1632	1631.733333333333	TRUE	8181034
172	0	inf172Cat3T11n1run5		1792	1791.733333333333	TRUE	3566696
173	0	inf173Cat3T1n1		120	119.8666666666667	TRUE	40221
173	0	inf173Cat3T3n1		443	442.8666666666667	TRUE	8011412
173	0	inf173Cat3T4n1		599	598.8666666666667	TRUE	8760940
173	0	inf173Cat3T5n1		740	739.8833333333333	TRUE	7396604
173	0	inf173Cat3T6n1		916	915.8666666666667	TRUE	5451582
173	0	inf173Cat3T7n1		1139	1138.866666666667	TRUE	9778468
173	0	inf173Cat3T8n1		1289	1288.866666666667	TRUE	6594382
173	0	inf173Cat3T9n1run5		1439	1438.866666666667	TRUE	7122890
173	0	inf173Cat3T10n1run5		1589	1588.866666666667	TRUE	4265527
174	0	inf174Cat3T0n1		38	37.93333333333333	TRUE	37498
174	0	inf174Cat3T1n1		128	128.0166666666667	TRUE	6247121
174	0	inf174Cat3T1n1run5		153	153.0166666666667	TRUE	6053200
174	0	inf174Cat3T2n1		176	176.2666666666667	TRUE	8600305
174	0	inf174Cat3T3n1		468	468.0166666666667	TRUE	10846895
174	0	inf174Cat3T4n1		606	606.0166666666667	TRUE	8916980
174	0	inf174Cat3T5n1		783	783.0166666666667	TRUE	15160099
174	0	inf174Cat3T6n1		951	951.0166666666667	TRUE	9566910
174	0	inf174Cat3T7n1		1140	1140.016666666667	TRUE	9183059
174	0	inf174Cat3T8n1		1287	1287.016666666667	TRUE	9014906
174	0	inf174Cat3T9n1run5		1440	1440.016666666667	TRUE	5623257
174	0	inf174Cat3T12n1run5		1944	1944.016666666667	TRUE	4296183
175	0	inf175Cat3T2n1		259	258.6333333333333	TRUE	1448589
175	0	inf175Cat3T3n1		466	466.1333333333333	TRUE	8665503
175	0	inf175Cat3T4n1		649	648.6333333333333	TRUE	8892050
175	0	inf175Cat3T5n1		814	813.6333333333333	TRUE	8501688
175	0	inf175Cat3T6n1		944	943.8833333333333	TRUE	9478878
175	0	inf175Cat3T7n1		1140	1139.633333333333	TRUE	7836623
176	0	inf176Cat3T1n1		87	87.09999999999999	TRUE	621144
176	0	inf176Cat3T2n1run5		266	266.1	TRUE	7577574
176	0	inf176Cat3T2n1		326	326.1	TRUE	8716924
176	0	inf176Cat3T3n1		501	500.6	TRUE	9211798
176	0	inf176Cat3T4n1		674	674.1	TRUE	7749985
176	0	inf176Cat3T6n1		860	860.1	TRUE	8091797
176	0	inf176Cat3T6n1run5		998	998.35	TRUE	5366398
176	0	inf176Cat3T7n1		1175	1175.1	TRUE	7666999
176	0	inf176Cat3T8n1		1331	1331.183333333333	TRUE	8944365
176	0	inf176Cat3T9n1run5		1508	1508.1	TRUE	4975036
176	0	inf176Cat3T10n1run5		1670	1669.6	TRUE	4677322
176	0	inf176Cat3T11n1run5		1845	1845.1	TRUE	5156959
176	0	inf176Cat3T14n1run5		2194	2194.1	TRUE	5203991
176	0	inf176Cat3T16n1run5		2546	2546.1	TRUE	15970
177	0	inf177Cat3T2n1run5		264	263.8333333333333	TRUE	4794457
177	0	inf177Cat3T2n1		323	323.1	TRUE	9106546
177	0	inf177Cat3T3n1		491	491.1	TRUE	4496075
177	0	inf177Cat3T4n1		674	673.8333333333334	TRUE	9120355
177	0	inf177Cat3T6n1		872	872.0833333333334	TRUE	7829473
177	0	inf177Cat3T7n1		1079	1079.25	TRUE	6065360
177	0	inf177Cat3T8n1run5		1247	1247.083333333333	FALSE	258
177	0	inf177Cat3T8n1		1349	1349.083333333333	TRUE	7561151
177	0	inf177Cat3T9n1run5		1511	1511.083333333333	TRUE	5841446
177	0	inf177Cat3T11n1run5		1838	1838.333333333333	TRUE	5371156
177	0	inf177Cat3T14n1run5		2261	2261.083333333333	TRUE	6378311
177	0	inf177Cat3T15n1run5		2510	2510.083333333333	TRUE	4863520
178	0	inf178Cat3T1n1		172	171.65	TRUE	8866099
178	0	inf178Cat3T2n1		319	318.65	TRUE	1381738
178	0	inf178Cat3T3n1		415	414.6666666666667	TRUE	8395392
179	0	inf179Cat1T0n1		30	30.26666666666667	TRUE	89660
179	0	inf179Cat1T1n1		116	116.2666666666667	TRUE	8503954
179	0	inf179Cat1T3n1		441	441.2666666666667	TRUE	8227827
179	0	inf179Cat1T4n1		610	610.2666666666667	TRUE	7436236
180	0	inf180Cat3T0n1		77	77.43333333333334	TRUE	4687914
180	0	inf180Cat3T1n1		138	137.6833333333333	TRUE	8903420
180	0	inf180Cat3T2n1		243	242.6833333333333	TRUE	9092067
180	0	inf180Cat3T3n1		384	383.6833333333333	TRUE	9084082
180	0	inf180Cat3T4n1		554	553.6833333333333	TRUE	9438941
180	0	inf180Cat3T5n1		714	713.7	TRUE	8423363
180	0	inf180Cat3T6n1		897	896.6833333333333	TRUE	8571680
180	0	inf180Cat3T7n1		1087	1087.183333333333	TRUE	7462753
181	0	inf181Cat3T1n1		143	142.8333333333333	TRUE	6773177
181	0	inf181Cat3T2n1		257	257.0833333333333	TRUE	9232842
181	0	inf181Cat3T3n1		497	496.8333333333333	TRUE	36800809
181	0	inf181Cat3T4n1		644	643.8333333333334	TRUE	9797038
181	0	inf181Cat3T6n1		998	998.3333333333334	TRUE	6370488
181	0	inf181Cat3T7n1		1148	1148.333333333333	TRUE	8271806
181	0	inf181Cat3T8n1		1340	1339.833333333333	TRUE	7851133
182	0	inf182Cat1T1n1		114	114.4166666666667	TRUE	489773
182	0	inf182Cat1T2n1		315	315.4166666666667	TRUE	9202341
182	0	inf182Cat1T3n1		436	435.6666666666667	TRUE	9893976
182	0	inf182Cat1T4n1		612	612.4166666666666	TRUE	8937945
182	0	inf182Cat1T5n1		780	779.6666666666666	TRUE	9459236
182	0	inf182Cat1T7n1		1042	1042.416666666667	TRUE	9708143
183	0	inf183Cat1T0n1		72.1333333334187	72.13333333333334	TRUE	34450
183	0	inf183Cat1T1n1		87.800000000163	87.8	TRUE	960236
183	0	inf183Cat1T1n1run5		149	149.1333333333333	TRUE	5264027
183	0	inf183Cat1T2n1		330.133333333419	330.1333333333333	TRUE	8986339
183	0	inf183Cat1T4n1		626.133333333477	626.1333333333333	TRUE	9425226
183	0	inf183Cat1T5n1		738.133333333419	738.1333333333333	TRUE	10134369
183	0	inf183Cat1T6n1		927.133333333419	927.1333333333333	TRUE	12381650
183	0	inf183Cat1T6n2		1074.13333333342	1074.133333333333	TRUE	9175055
183	0	inf183Cat1T9n1run5		1357	1357.133333333333	TRUE	4659849
183	0	inf183Cat1T9n2run5		1506	1506.133333333333	TRUE	4558468
184	0	inf184Cat1T1n1		104.850000000035	104.85	TRUE	128996
184	0	inf184Cat1T2n1		215.850000000035	215.85	TRUE	9282087
184	0	inf184Cat1T2n1run5		318	317.85	TRUE	6047908
184	0	inf184Cat1T3n1		446.850000000035	446.85	TRUE	9231795
184	0	inf184Cat1T4n1		566.850000000035	566.85	TRUE	8581440
184	0	inf184Cat1T5n1		740.850000000035	740.85	TRUE	9799014
184	0	inf184Cat1T6n1		908.850000000035	908.85	TRUE	10309112
184	0	inf184Cat1T6n2		1073.85000000003	1073.85	TRUE	10564259
184	0	inf184Cat1T8n1		1241	1241.35	TRUE	8658573
184	0	inf184Cat1T9n1run5		1437	1436.85	TRUE	5845171
184	0	inf184Cat1T12n1run5		1914	1913.85	TRUE	6030868
185	0	inf185Cat1T1n1		80	79.81666666666666	TRUE	5932695
185	0	inf185Cat1T2n1		236	235.5666666666667	TRUE	9323421
185	0	inf185Cat1T3n1		419	418.5666666666667	TRUE	9811385
186	0	inf186Cat3T1n1		111.799999999988	111.8	TRUE	85743
186	0	inf186Cat3T1n2		136.79999999993	136.8	TRUE	3406836
186	0	inf186Cat3T2n1		291.799999999988	291.8	TRUE	538853
187	0	inf187Cat3T0n1		38	37.6	TRUE	30960
187	0	inf187Cat3T2n1		206	205.6	TRUE	7490531
187	0	inf187Cat3T3n1		479	478.6	TRUE	7078956
187	0	inf187Cat3T4n1		647	646.6	TRUE	6920641
187	0	inf187Cat3T6n1		854	854.1	TRUE	8970240
188	0	inf188Cat3T1n1		117	116.5333333333333	TRUE	7754134
188	0	inf188Cat3T1n1run5		140	139.8666666666667	TRUE	5846918
188	0	inf188Cat3T3n1		393	392.55	TRUE	9262096
188	0	inf188Cat3T4n1		572	572.0333333333333	TRUE	9099753
188	0	inf188Cat3T4n1run5		590	590.2833333333333	TRUE	5759598
188	0	inf188Cat3T5n1		738	737.5333333333333	TRUE	9039328
188	0	inf188Cat3T6n1		942	942.1166666666667	TRUE	9604822
188	0	inf188Cat3T7n1		1080	1079.533333333333	TRUE	8345324
188	0	inf188Cat3T10n1run5		1590	1589.533333333333	TRUE	5007056
189	0	inf189Cat1T1n1		123	122.95	TRUE	9383609
189	0	inf189Cat1T2n1		182	182.45	TRUE	8412214
189	0	inf189Cat1T3n1		453	452.95	TRUE	9420210
189	0	inf189Cat1T4n1		606	605.95	TRUE	8699094
189	0	inf189Cat1T5n1		810	809.95	TRUE	9000236
189	0	inf189Cat1T6n1		954	953.9333333333333	TRUE	8307379
189	0	inf189Cat1T7n1		1173	1173.283333333333	TRUE	7889923
190	0	inf190Cat1T0n1		25	24.78333333333333	TRUE	42239
190	0	inf190Cat1T1n1		160	159.7833333333333	TRUE	8886051
190	0	inf190Cat1T2n1		232	231.7833333333333	TRUE	8925472
190	0	inf190Cat1T3n1		471	470.7833333333334	TRUE	9263880
191	0	inf191Cat2T0n1		61	60.61666666666667	TRUE	39890
191	0	inf191Cat2T1n1		154	153.6166666666667	TRUE	7143010
191	0	inf191Cat2T2n1run5		295	294.6166666666667	TRUE	5598095
191	0	inf191Cat2T2n1		325	324.6166666666667	TRUE	9216542
191	0	inf191Cat2T3n1		424	423.6166666666667	TRUE	7940055
191	0	inf191Cat2T4n1		562	561.6166666666667	TRUE	8564447
191	0	inf191Cat2T5n1		726	726.1166666666667	TRUE	7119571
191	0	inf191Cat2T6n1		894	894.3666666666667	TRUE	9496791
191	0	inf191Cat2T7n1		1075	1074.616666666667	TRUE	8557013
191	0	inf191Cat2T8n1		1305	1305.333333333333	TRUE	9157026
192	0	inf192Cat1T2n1		285.066666666709	285.0666666666667	TRUE	7760370
192	0	inf192Cat1T2n1run5		313	313.0666666666667	TRUE	5470731
192	0	inf192Cat1T3n1		421.083333333372	421.0833333333333	TRUE	11409399
192	0	inf192Cat1T4n1		598.066666666651	598.0666666666667	TRUE	10028466
192	0	inf192Cat1T5n1		777.066666666709	777.0666666666667	TRUE	9815164
192	0	inf192Cat1T6n1		936.5666666665931	936.5666666666667	TRUE	9025485
192	0	inf192Cat1T7n1		1132.06666666665	1132.066666666667	TRUE	9428431
192	0	inf192Cat1T8n1		1264	1264.066666666667	TRUE	9246205
192	0	inf192Cat1T10n1run5		1609	1609.066666666667	TRUE	5608589
192	0	inf192Cat1T12n1run5		1941	1941.066666666667	TRUE	5013918
193	0	inf193Cat3T2n1		256	256.1166666666667	TRUE	5503542
193	0	inf193Cat3T3n1		418	417.6166666666667	TRUE	6458339
193	0	inf193Cat3T4n1		592	592.1166666666667	TRUE	8433980
193	0	inf193Cat3T5n1		758	758.1166666666667	TRUE	8389433
193	0	inf193Cat3T6n1		961	961.2833333333333	TRUE	9474381
193	0	inf193Cat3T7n1		1083	1083.116666666667	TRUE	8003650
193	0	inf193Cat3T8n1		1300	1300.116666666667	TRUE	7886035
194	0	inf194Cat1T1n1		109	108.95	TRUE	1153143
194	0	inf194Cat1T3n1		406	405.95	TRUE	6732367
194	0	inf194Cat1T4n1		562	562.2	TRUE	7970088
194	0	inf194Cat1T5n1		736	735.95	TRUE	7715178
194	0	inf194Cat1T6n1		910	909.95	TRUE	8773249
194	0	inf194Cat1T7n1		1087	1086.95	TRUE	9446878
195	0	inf195Cat1T1n1		112	111.9333333333333	TRUE	8410067
195	0	inf195Cat1T2n1		214	213.9333333333333	TRUE	8697093
195	0	inf195Cat1T2n1run5		262	261.9333333333333	TRUE	4641523
195	0	inf195Cat1T3n1		400	399.9333333333333	TRUE	8512802
195	0	inf195Cat1T4n1		571	570.9333333333333	TRUE	7688741
195	0	inf195Cat1T5n1		730	729.95	TRUE	8694309
195	0	inf195Cat1T6n1		910	909.9333333333333	TRUE	9993578
195	0	inf195Cat1T7n1		1111	1110.933333333333	TRUE	8635295
195	0	inf195Cat1T11n1run5		1825	1824.933333333333	TRUE	4444049
196	0	inf196Cat1T1n1		109	108.9166666666667	TRUE	8879479
196	0	inf196Cat1T2n1		235	234.9166666666667	TRUE	9663780
196	0	inf196Cat1T3n1		397	396.9166666666667	TRUE	8125003
196	0	inf196Cat1T4n1		562	561.9333333333333	TRUE	7404697
196	0	inf196Cat1T5n1		758	757.9166666666666	TRUE	9423398
196	0	inf196Cat1T6n1		909	909.4166666666666	TRUE	7155469
196	0	inf196Cat1T7n1		1084	1083.916666666667	TRUE	8212411
196	0	inf196Cat1T8n1		1249	1248.916666666667	TRUE	8445926
197	0	inf197Cat1T2n1run5		266	265.6666666666667	TRUE	20388
197	0	inf197Cat1T2n1		314	313.6666666666667	TRUE	8744560
197	0	inf197Cat1T3n1		395	395.1666666666667	TRUE	6906922
197	0	inf197Cat1T4n1		572	571.6666666666666	TRUE	7194532
197	0	inf197Cat1T5n1		743	742.6666666666666	TRUE	9258688
197	0	inf197Cat1T6n1		908	908.1666666666666	TRUE	7234889
197	0	inf197Cat1T7n1		1082	1081.666666666667	TRUE	10853308
197	0	inf197Cat1T8n1		1235	1234.666666666667	TRUE	8662897
197	0	inf197Cat1T10n1run5		1575	1574.666666666667	TRUE	3314028
198	0	inf198Cat3T1n1		90.9666666666744	90.96666666666667	TRUE	4798231
198	0	inf198Cat3T2n1		190.466666666558	190.4666666666667	TRUE	9261206
198	0	inf198Cat3T3n1		425.966666666558	425.9666666666666	TRUE	10403408
198	0	inf198Cat3T4n1		538.966666666616	538.9666666666667	TRUE	10002451
198	0	inf198Cat3T6n1		889.933333333349	889.9333333333333	TRUE	10517833
199	0	inf199Cat3T1n1		113.416666666686	113.4166666666667	TRUE	263950
199	0	inf199Cat3T2n1		324.416666666628	324.4166666666667	TRUE	258682
199	0	inf199Cat3T4n1		564.416666666628	564.4166666666666	TRUE	9553469
199	0	inf199Cat3T5n1		732.416666666628	732.4166666666666	TRUE	9658476
199	0	inf199Cat3T6n1		906.166666666686	906.1666666666666	TRUE	9736418
199	0	inf199Cat3T6n2		1068.41666666663	1068.416666666667	TRUE	9707538
199	0	inf199Cat3T8n1		1337	1337.416666666667	TRUE	4408654
200	0	inf200Cat3T1n1		144.400000000081	144.4	TRUE	9111357
200	0	inf200Cat3T2n1		318.400000000081	318.4	TRUE	10333907
200	0	inf200Cat3T3n1		396.400000000081	396.4	TRUE	8348449
200	0	inf200Cat3T4n1		570.400000000081	570.4	TRUE	9835657
200	0	inf200Cat3T5n1		729.416666666802	729.4166666666666	TRUE	9295666
201	0	inf201Cat1T1n1		136	135.8833333333333	TRUE	9156112
201	0	inf201Cat1T3n1		445	444.8833333333333	TRUE	109891
201	0	inf201Cat1T4n1		631	630.8833333333333	TRUE	8147245
201	0	inf201Cat1T5n1		721	720.8833333333333	TRUE	8517039
201	0	inf201Cat1T6n1		916	916.3833333333333	TRUE	9419938
201	0	inf201Cat1T7n1		1147	1147.383333333333	TRUE	8774995
202	0	inf202Cat1T1n1		142	141.8166666666667	TRUE	7870089
202	0	inf202Cat1T2n1		265	264.65	TRUE	9077758
202	0	inf202Cat1T3n1		406	405.8166666666667	TRUE	8246722
202	0	inf202Cat1T4n1		541	540.7333333333333	TRUE	9812285
202	0	inf202Cat1T5n1		727	726.8333333333334	TRUE	10854749
202	0	inf202Cat1T6n1		875	874.8166666666667	TRUE	8321328
203	0	inf203Cat3T1n1run5		122	122.2333333333333	TRUE	5573
203	0	inf203Cat3T1n1		145	145.2333333333333	TRUE	47305
203	0	inf203Cat3T2n1		317	316.7333333333333	TRUE	8854442
203	0	inf203Cat3T3n1		437	436.7333333333333	TRUE	8197337
203	0	inf203Cat3T4n1		602	601.7333333333333	TRUE	9126671
203	0	inf203Cat3T5n1		776	775.7333333333333	TRUE	8172966
203	0	inf203Cat3T6n1		934	934.2333333333333	TRUE	7720688
203	0	inf203Cat3T7n1		1130	1129.733333333333	TRUE	7706550
203	0	inf203Cat3T8n1		1265	1264.983333333333	TRUE	8300610
203	0	inf203Cat3T11n1run5		1793	1792.733333333333	TRUE	4427090
203	0	inf203Cat3T13n1run5		2151	2151.233333333333	TRUE	5072112
204	0	inf204Cat1T0n1		57	57.38333333333333	TRUE	23686
204	0	inf204Cat1T2n1		211	210.8833333333333	TRUE	8831478
204	0	inf204Cat1T2n1run5		313	312.8833333333333	TRUE	5131341
204	0	inf204Cat1T3n1		484	483.8833333333333	TRUE	7306677
204	0	inf204Cat1T4n1		655	654.8833333333333	TRUE	7961335
204	0	inf204Cat1T5n1		823	822.8833333333333	TRUE	8592543
204	0	inf204Cat1T6n1		1024	1023.883333333333	TRUE	7784052
204	0	inf204Cat1T8n1		1215	1214.716666666667	TRUE	6363856
204	0	inf204Cat1T10n1run5		1668	1667.633333333333	TRUE	5435398
205	0	inf205Cat2T1n1		156	156.25	TRUE	10361561
205	0	inf205Cat2T2n1		210	209.8166666666667	TRUE	8348169
205	0	inf205Cat2T4n1		579	579.2333333333333	TRUE	5327073
205	0	inf205Cat2T5n1		747	747.2333333333333	TRUE	7468954
205	0	inf205Cat2T6n1		867	867.2333333333333	TRUE	9982361
205	0	inf205Cat2T7n1		1177	1177.233333333333	TRUE	8448724
205	0	inf205Cat2T8n1		1321	1321.233333333333	TRUE	8709404
206	0	inf206Cat1T1n1		132	131.7333333333333	TRUE	2617523
206	0	inf206Cat1T2n1		315	314.7333333333333	TRUE	5595577
206	0	inf206Cat1T4n1		525	524.7333333333333	TRUE	8152590
206	0	inf206Cat1T5n1		678	677.7333333333333	TRUE	6501498
206	0	inf206Cat1T6n1		954	953.7333333333333	TRUE	8584223
206	0	inf206Cat1T7n1		1122	1121.733333333333	TRUE	8764116
207	0	inf207Cat3T2n1		204	203.8833333333333	TRUE	6212504
207	1	C207ST01	C207ST01	347.9	347.8833333333333	TRUE	7116072
207	0	inf207Cat3T4n1run5		582	581.8833333333333	TRUE	5113477
207	0	inf207Cat3T4n1		677	677.3	TRUE	8674248
207	0	inf207Cat3T5n1		843	842.8833333333333	TRUE	9146452
207	0	inf207Cat3T6n1		1020	1019.883333333333	TRUE	8821956
207	0	inf207Cat3T7n1		1194	1193.883333333333	TRUE	8642824
207	0	inf207Cat3T8n1		1344	1343.883333333333	TRUE	8884665
207	0	inf207Cat3T10n1run5		1647	1646.883333333333	TRUE	1536
207	0	inf207Cat3T12n1run5		1860	1859.883333333333	TRUE	5035578
207	1	C207ST02	C207ST02	2102.9	2102.883333333333	TRUE	7010678
207	1	C207ST03	C207ST03	2217.4	2217.383333333333	TRUE	6983850
207	0	inf207Cat3T14n1run5		2310	2309.883333333333	TRUE	5083850
207	0	inf207Cat3T16n1run5		2526	2525.883333333333	TRUE	5016771
208	0	inf208Cat3T2n1run5		183	182.9166666666667	TRUE	5416241
208	0	inf208Cat3T4n1run5		513	513.1666666666666	TRUE	5398097
208	0	inf208Cat3T6n1run5		858	857.9166666666666	TRUE	5498818
208	0	inf208Cat3T8n1run5		1196	1196.416666666667	TRUE	5256237
208	0	inf208Cat3T10n1run5		1536	1535.916666666667	FALSE	338
209	0	inf209Cat3T2n1run5		177	177.4833333333333	TRUE	4876886
209	0	inf209Cat3T4n1run5		526	525.9833333333333	TRUE	4886205
209	0	inf209Cat3T6n1run5		862	861.9833333333333	TRUE	5303614
209	0	inf209Cat3T8n1run5		1315	1315.483333333333	TRUE	4994455
209	0	inf209Cat3T10n1run5		1600	1599.983333333333	TRUE	5105228
209	0	inf209Cat3T12n1run5		1887	1887.483333333333	TRUE	1461
210	0	inf210Cat1T1n1		166	165.75	TRUE	7852977
210	0	inf210Cat3T2n1run5		244	243.75	TRUE	4011801
210	0	inf210Cat1T2n1		325	324.75	TRUE	7968686
210	0	inf210Cat1T3n1		493	492.75	TRUE	9144972
210	0	inf210Cat3T4n1run5		661	660.5833333333334	TRUE	4774875
210	0	inf210Cat1T5n1		823	822.75	TRUE	8577484
210	0	inf210Cat1T6n1		1003	1002.75	TRUE	7403542
210	0	inf210Cat3T7n1run5		1123	1122.75	TRUE	5376938
210	0	inf210Cat3T10n1run5		1594	1593.75	TRUE	3684090
210	0	inf210Cat3T11n1run5		1717	1716.75	TRUE	5001827
210	0	inf210Cat3T12n1run5		2011	2010.75	TRUE	4673191
211	0	inf211Cat3T2n1run5		246	246.2	TRUE	4605640
211	0	inf211Cat3T3n1run5		487	486.7	TRUE	3161054
211	0	inf211Cat3T5n1run5		832	831.7	TRUE	2617402
211	0	inf211Cat3T7n1run5		1129	1128.7	TRUE	4535833
211	0	inf211Cat3T8n1run5		1336	1335.7	TRUE	5239495
211	0	inf211Cat3T11n1run5		1723	1722.7	TRUE	6184282
211	0	inf211Cat3T12n1run5		2011	2010.7	TRUE	4390351
212	1	C212ST01	C212ST01	290.9	290.95	TRUE	4946345
212	0	inf212Cat3T2n1run5		297	297.2	TRUE	4537780
212	1	C212ST02	C212ST02	477	477.0333333333334	TRUE	5457681
212	0	inf212Cat3T4n1run5		642	641.6333333333333	TRUE	4510376
212	0	inf212Cat3T5n1run5		816	816.0333333333333	TRUE	4211926
212	1	C212ST03	C212ST03	1002.2	1002.2	TRUE	6686301
212	0	inf212Cat3T7n1run5		1143	1143.2	TRUE	4188925
212	0	inf212Cat3T10n1run5		1533	1533.2	TRUE	4621770
212	0	inf212Cat3T11n1run5		1830	1830.2	TRUE	4900627
212	0	inf212Cat3T13n1run5		2153	2153.383333333333	TRUE	5250132
212	0	inf212Cat3T15n1run5		2474	2473.7	TRUE	4816259
213	0	inf213Cat3T2n1run5		322	322.4833333333333	TRUE	4968202
213	0	inf213Cat3T4n1run5		647	647.4833333333333	TRUE	4737706
213	0	inf213Cat3T6n1run5		966	959.4833333333333	FALSE	540
213	0	inf213Cat3T7n1run5		1127	1127.483333333333	TRUE	5215109
213	0	inf213Cat3T10n1run5		1641	1640.733333333333	TRUE	5217563
214	0	inf214Cat3T2n1run5		323	323.1	TRUE	5377740
214	0	inf214Cat3T4n1run5		649	649.1	TRUE	3291821
214	0	inf214Cat3T6n1run5		940	940.35	TRUE	5165623
214	0	inf214Cat3T10n1run5		1664	1664.1	TRUE	4883559
215	0	inf215Cat3T2n1run5		294	293.5833333333333	TRUE	4666398
215	0	inf215Cat3T4n1run5		653	653.0833333333334	TRUE	39111
215	0	inf215Cat3T5n1run5		815	815.0833333333334	TRUE	5302486
215	0	inf215Cat3T10n1run5		1662	1662.333333333333	TRUE	5581717
216	0	inf216Cat3T2n1run5		299	298.9166666666667	TRUE	4907553
216	0	inf216Cat3T3n1run5		362	361.9166666666667	TRUE	4392165
216	0	inf216Cat3T6n1run5		863	862.9166666666666	TRUE	4314039
216	0	inf216Cat3T10n1run5		1549	1549.416666666667	TRUE	5458224
217	0	inf217Cat2T2n1run5		285	285.1333333333333	TRUE	7004
217	0	inf217Cat2T3n1run5		471	471.1333333333333	TRUE	4483449
217	0	inf217Cat2T6n1run5		975	975.1333333333333	TRUE	4691698
217	0	inf217Cat2T7n1run5		1146	1146.133333333333	TRUE	4854751
99101	0	inf99101Cat3T1n1run5		127	126.5166666666667	TRUE	2209
99101	0	inf99101Cat3T3n1run5		417	417.2666666666667	TRUE	3806571
99101	0	inf99101Cat3T5n1run5		784	783.7666666666667	TRUE	4502375
99101	0	inf99101Cat3T8n1run5		1309	1308.516666666667	TRUE	3755647
99101	0	inf99101Cat3T10n1run5		1618	1618.1	TRUE	4827081
99101	0	inf99101Cat3T12n1run5		1957	1956.766666666667	TRUE	4600521
99101	0	inf99101Cat3T14n1run5		2320	2319.766666666667	TRUE	5218563
99102	0	inf99102Cat3T2n1run5		216	215.8166666666667	TRUE	5222513
99102	0	inf99102Cat3T4n1run5		633	632.8166666666667	TRUE	5298551
99102	0	inf99102Cat3T6n1run5		959	959.3166666666667	TRUE	5528136
99102	0	inf99102Cat3T8n1run5		1323	1322.816666666667	TRUE	4018233
99102	0	inf99102Cat3T10n1run5		1640	1639.816666666667	TRUE	5000520
99102	0	inf99102Cat3T11n1run5		1778	1777.816666666667	TRUE	4824460
99103	0	inf99103Cat3T3n1run5		411	410.7666666666667	TRUE	4563454
99103	0	inf99103Cat3T5n1run5		705	705.0166666666667	TRUE	3649961
99103	0	inf99103Cat3T8n1run5		1203	1203.266666666667	TRUE	6027680
99103	0	inf99103Cat3T10n1run5		1563	1562.766666666667	TRUE	4947071
99103	0	inf99103Cat3T12n1run5		1922	1922.266666666667	TRUE	4622261
99104	0	inf99104Cat3T1n1run5		141	141.0333333333333	TRUE	4457539
99104	0	inf99104Cat3T4n1run5		654	654.0333333333333	TRUE	5183830
99104	0	inf99104Cat3T6n1run5		930	930.0333333333333	TRUE	589948
99104	0	inf99104Cat3T8n1run5		1308	1308.033333333333	TRUE	4572340
99104	0	inf99104Cat3T9n1run5		1400	1399.533333333333	TRUE	4916007
99105	0	inf99105Cat1T2n1run5		323	322.6166666666667	TRUE	4857024
99105	0	inf99105Cat1T6n1run5		998	997.6166666666667	TRUE	5103793
99105	0	inf99105Cat1T7n1run5		1175	1174.616666666667	TRUE	4695738
99105	0	inf99105Cat1T10n1run5		1526	1526.116666666667	TRUE	4407943
99105	0	inf99105Cat1T12n1run5		1874	1873.616666666667	TRUE	4283078
99105	0	inf99105Cat1T14n1run5		2317	2317.116666666667	TRUE	4361618
99106	0	inf99106Cat3T2n1run5		273	273.0166666666667	TRUE	867586
99106	0	inf99106Cat3T4n1run5		642	642.0166666666667	TRUE	2449483
99106	0	inf99106Cat3T5n1run5		783	783.0166666666667	TRUE	4535705
99106	0	inf99106Cat3T8n1run5		1319	1319.016666666667	TRUE	4650910
99106	0	inf99106Cat3T10n1run5		1656	1656.016666666667	TRUE	4390869
99106	0	inf99106Cat3T12n1run5		1869	1869.016666666667	TRUE	4552294
99106	0	inf99106Cat3T14n1run5		2295	2294.766666666667	TRUE	4378736
99106	0	inf99106Cat3T15n1run5		2496	2496.016666666667	TRUE	4411614
99107	0	inf99107Cat2T2n1run5		285	285.1666666666667	TRUE	2844028
99107	0	inf99107Cat2T4n1run5		648	648.1666666666666	FALSE	321
99107	0	inf99107Cat2T8n1run5		1327	1326.75	TRUE	5348810
99107	0	inf99107Cat2T10n1run5		1638	1638.166666666667	TRUE	5477829
99107	0	inf99107Cat2T12n1run5		1849	1849.083333333333	TRUE	4764381
99107	0	inf99107Cat2T13n1run5		2128	2128.166666666667	TRUE	5076071
99109	0	inf99109Cat3T2n1run5		276	276.0833333333333	TRUE	4757688
99109	1	B99109ST01	B99109ST01	395.5	395.5	TRUE	7432122
99109	1	B99109ST02	B99109ST02	594.3	594.3333333333334	TRUE	6060768
99109	1	B99109ST03	B99109ST03	636.6	636.5833333333334	TRUE	5325662
99109	0	inf99109Cat3T4n1run5		657	657.0833333333334	TRUE	4788900
99109	0	inf99109Cat3T5n1run5		828	828.3333333333334	TRUE	4883981
99110	0	inf99110Cat3T2n1run5		240	240.2833333333333	TRUE	4369106
99110	0	inf99110Cat3T3n1run5		435	435.0333333333334	TRUE	2380262
99110	0	inf99110Cat3T6n1run5		981	981.0333333333333	TRUE	4430585
99110	0	inf99110Cat3T8n1run5		1257	1257.033333333333	TRUE	3464550
99111	0	inf99111Cat3T2n1run5		173	172.6666666666667	TRUE	717626
99111	0	inf99111Cat3T4n1run5		632	631.9166666666666	TRUE	5495132
99111	0	inf99111Cat3T5n1run5		824	823.75	TRUE	6076840
99111	0	inf99111Cat3T8n1run5		1271	1270.916666666667	TRUE	4658947
99111	0	inf99111Cat3T10n1run5		1617	1617.166666666667	TRUE	5171280
99111	0	inf99111Cat3T12n1run5		1928	1927.916666666667	TRUE	4606851
99111	0	inf99111Cat3T13n1run5		2099	2098.833333333333	TRUE	3074946
99112	0	inf99112Cat2T2n1run5		200	200.2333333333333	TRUE	4583206
99112	0	inf99112Cat2T4n1run5		546	545.7333333333333	TRUE	4641935
99112	0	inf99112Cat2T6n1run5		983	982.9833333333333	TRUE	4779185
99112	0	inf99112Cat2T7n1run5		1154	1154.233333333333	TRUE	5196690
99112	0	inf99112Cat2T9n1run5		1347	1346.9	TRUE	5608881
99113	0	inf99113Cat3T2n1run5		213	212.9666666666667	TRUE	5209516
99113	0	inf99113Cat3T4n1run5		527	526.7166666666667	TRUE	4691908
99113	0	inf99113Cat3T6n1run5		915	914.7166666666667	TRUE	5144644
99113	0	inf99113Cat3T8n1run5		1251	1250.716666666667	TRUE	4859399
99113	0	inf99113Cat3T10n1run5		1556	1555.633333333333	TRUE	5516427
99113	0	inf99113Cat3T12n1run5		1941	1940.716666666667	TRUE	5345090
99114	0	inf99114Cat3T1n1run5		142	142.2166666666667	TRUE	4551596
99114	1	B99114ST01	B99114ST01	330.8	330.8	TRUE	9713952
99114	0	inf99114Cat3T4n1run5		547	546.9666666666667	TRUE	5704774
99114	0	inf99114Cat3T6n1run5		977	976.9666666666667	TRUE	5514879
99114	0	inf99114Cat3T7n1run5		1145	1144.716666666667	TRUE	5209584
99114	0	inf99114Cat3T9n1run5		1489	1488.966666666667	TRUE	5164008
99114	0	inf99114Cat3T11n1run5		1724	1723.966666666667	TRUE	6343989
99115	0	inf99115Cat3T2n1run5		309	309.0333333333334	TRUE	4756329
99115	0	inf99115Cat3T3n1run5		447	447.0333333333334	TRUE	5655215
99115	0	inf99115Cat3T6n1run5		945	945.0333333333333	TRUE	4445941
99115	0	inf99115Cat3T7n1run5		1116	1115.533333333333	TRUE	5674474
99116	0	inf99116Cat3T2n1run5		194	194.5	TRUE	5851189
99116	0	inf99116Cat3T3n1run5		353	353.5	TRUE	4585994
99116	0	inf99116Cat3T6n1run5		951	951	TRUE	5314651
99181	1	B99181ST01	B99181ST01	557	556.9666666666667	TRUE	6608552
99181	1	B99181ST02	B99181ST02	636.2	636.2166666666667	TRUE	5811973
99181	1	B99181ST03	7A977930	884.7	884.7166666666667	TRUE	6673220
99181	1	B99181ST04	8A178333	971.7	971.7166666666667	TRUE	6635075
99181	1	B99181ST05	8A028296	1163	1162.966666666667	TRUE	7399393
99183	1	B99183ST01	8A229029	1721.3	1721.333333333333	TRUE	5640032
99183	1	B99183ST02	8A219579	1949.3	1949.316666666667	TRUE	303571
99183	1	B99183ST04	8A219577	1962.8	1962.833333333333	TRUE	5705316
99183	1	B99183ST05	8A019140	2042.8	2042.833333333333	TRUE	7528588
99183	1	B99183ST06	8A019122	2210.8	2210.833333333333	TRUE	3646860
99183	1	B99183ST07	8A219557	2234.8	2234.833333333333	TRUE	4879055
99183	1	B99183ST08	8A019082	2373.3	2373.333333333333	TRUE	8982604
99184	1	B99184ST01	B99184ST01	100.5	98.53333333333333	TRUE	51480
99184	1	B99184ST02	B99184ST02	160.6	158.6166666666667	TRUE	112020
99184	1	B99184ST03	B99184ST03	217.8	215.7833333333333	TRUE	6574318
99184	1	B99184ST04	B99184ST04	325.8	323.7833333333334	TRUE	7680834
99184	1	B99184ST05	B99184ST05	330.8	328.7833333333334	TRUE	32811343
99184	1	B99184ST06	B99184ST06	445.8	443.7833333333334	TRUE	8338261
99184	1	B99184ST07	7A977936	556.8	554.7833333333333	TRUE	6896040
99184	1	B99184ST08	8A178339	712.5	710.5333333333333	TRUE	15026250
99184	1	B99184ST09	8A229051	1714.8	1712.783333333333	TRUE	9374981
99184	1	B99184ST10	8A219601	2119.8	2117.783333333333	TRUE	5642293
99184	1	B99184ST11	8A019080	2248.5	2246.533333333333	TRUE	7993529
99184	1	B99184ST13	8A019074	2302.8	2300.783333333333	TRUE	10925005
99184	1	B99184ST14	8A219561	2377.8	2375.783333333333	TRUE	8586116
99184	1	B99184ST15	8A219883	3388.8	3386.783333333333	TRUE	4100623
99184	1	B99184ST16	8A220059	3601.8	3599.783333333333	TRUE	10576543
99184	1	B99184ST17	8A019600	3647.3	3645.283333333333	TRUE	10630184
99184	1	B99184ST18	8A019246	3731.8	3729.783333333333	TRUE	8791081
99184	1	B99184ST19	8A019274	3757.8	3755.783333333333	TRUE	9302884
99185	1	B99185ST01	B99185ST01	48.9	48.93333333333333	TRUE	5712
99185	1	B99185ST02	B99185ST02	187.9	187.9333333333333	TRUE	9959295
99185	1	B99185ST03	B99185ST03	229.9	229.9333333333333	TRUE	11180619
99185	1	B99185ST04	B99185ST04	325.9	325.9333333333333	TRUE	9983735
99185	1	B99185ST05	B99185ST05	439.7	439.6833333333333	TRUE	10434605
99186	1	B99186ST01	B99186ST01	215.9	215.8666666666667	FALSE	0
99186	1	B99186ST02	7A977934	302.9	302.8666666666667	TRUE	5835909
99186	1	B99186ST03	7A977958	317.5	317.5333333333334	TRUE	5835865
99186	1	B99186ST04	8A178345	341.4	341.3666666666667	TRUE	8309973
99186	1	B99186ST05	8A228775	380.9	380.8666666666667	TRUE	6459625
99186	1	B99186ST06	8A228793	563.9	563.8666666666667	TRUE	12190353
99186	1	B99186ST07	8A028234	657.4	657.3666666666667	TRUE	7858434
99186	1	B99186ST08	8A028240	660.1	660.1166666666667	TRUE	7518661
99188	1	B99188ST01	8A228787	17.4	17.38333333333333	TRUE	24156
99188	1	B99188ST02	8A028304	138.4	138.3833333333333	TRUE	10799058
99188	1	B99188ST03	8A228805	189	188.9666666666667	TRUE	9262126
99188	1	B99188ST04	8A028280	201.9	201.8833333333333	TRUE	13590730
99188	1	B99188ST05	8A228727	287.1	287.1333333333333	TRUE	9271294
99188	1	B99188ST06	8A028278	356.4	356.3833333333333	TRUE	30333
99188	1	B99188ST08	8A028456	452	452.0166666666667	TRUE	8886050
99188	1	B99188ST09	8A028478	572.1	572.1333333333333	TRUE	12042115
99188	1	B99188ST10	8A028532	803.4	803.3833333333333	TRUE	9290548
99189	1	B99189ST01	8A228799	65.40000000000001	65.34999999999999	TRUE	360
99189	1	B99189ST02	[8A228797]	122.6	122.6	TRUE	8542101
99189	1	B99189ST03	[8A228741]	191.9	191.85	TRUE	8332889
99189	1	B99189ST04	[8A228729]	215.4	215.35	TRUE	15988544
99189	1	B99189ST05	[8A228757]	301.8	301.85	TRUE	6736759
99189	1	B99189ST06	[8A028430]	381.2	381.1833333333333	TRUE	6893837
99189	1	B99189ST07	[8A028452]	500.2	500.1833333333333	TRUE	8288732
99189	1	B99189ST08	[8A229045]	723.6	723.6	TRUE	8423093
99190	1	B99190ST01	[8A028250]	176.9	176.9333333333333	TRUE	1393579
99190	1	B99190ST02	[8A028268]	180.3	180.2666666666667	TRUE	2997947
99190	1	B99190ST03	[8A028444]	326.8	326.85	TRUE	1570440
99190	1	B99190ST04	[8A028466]	528.1	528.1	TRUE	7774257
99190	1	B99190ST05	[8A229021]	671.9	671.8833333333333	TRUE	7744288
99190	1	B99190ST06	[8A028556]	765.1	765.1	TRUE	7704665
99197	1	B99197ST01	[8A220039]	118.7	118.75	TRUE	2029182
99197	1	B99197ST02	[8A019570]	265.6	265.5833333333333	TRUE	11556080
99197	1	B99197ST03	[8A220031]	311.9	311.9166666666667	TRUE	10835444
99197	1	B99197ST04	[8A220043]	331.9	331.9166666666667	TRUE	10498314
99197	1	B99197ST05	[8A019580]	355.9	355.9166666666667	TRUE	8869018
99197	1	B99197ST06	[8A019276]	439.9	439.9166666666667	TRUE	9890545
99197	1	B99197ST07	[8A019260]	455.7	455.6666666666667	TRUE	9083167
99197	1	B99197ST08	[8A019448] 	574.7	574.6666666666666	TRUE	10939340
99205	1	B99205ST01	[8A169489]	178.9	178.8833333333333	TRUE	10976937
99205	1	B99205ST02	[7A969090]	347.1	347.1333333333333	TRUE	9130316
99205	1	B99205ST03	[7A968794]	524.4	524.3833333333333	TRUE	13415104
99205	1	B99205ST04	[7A969876]	629.1	629.1333333333333	TRUE	6845999
99205	1	B99205ST05	[7A969906]	778.1	778.1333333333333	TRUE	9504551
99205	1	B99205ST06	[8A170277]	854.1	854.1333333333333	TRUE	11557972
99205	1	B99205ST07	[7A969130]	1022.1	1022.133333333333	TRUE	16701446
